11610
13267
13620
14121
14416
15516
15757
16926
17065
18966
21302
21511
22313
22598
23128
23140
24217
24300
25316
25985
26132
27155
28717
28999
30002
30142
30750
31084
32437
33936
34160
35162
35837
35893
36152
36395
36559
36577
36937
37648
37808
38475
38479
39341
39887
40818
42259
42959
43105
43203
43607
44254
44631
45148
45195
45442
45858
46431
46558
46831
47318
47476
47719
47931
48142
48536
48775
48996
49479
49589
49706
50493
50523
50846
51795
52422
52653
53459
55894
56643
58846
59011
60112
60962
62078
62943
63959
65088
65750
65751
66036
66302
66610
66734
67358
67504
68990
69131
69241
70915
71479
71935
71981
72993
74067
74131
74343
76780
76797
78004
78130
78978
79717
79815
80621
80643
80743
81324
81555
81926
82329
82343
82845
83677
83747
85253
85411
85904
85981
88031
88335
91922
92050
92267
92452
94749
95012
96179
96349
96989
98394
98774
98865
